# This file may be used to create an environment using:
# $ conda create --name <env> --file <this file>
# platform: linux-64
_libgcc_mutex=0.1=conda_forge
_openmp_mutex=4.5=2_gnu
biopython=1.81=py310h2372a71_1
blast=2.15.0=pl5321h6f7f691_1
bzip2=1.0.8=hd590300_5
c-ares=1.28.1=hd590300_0
ca-certificates=2024.3.11=h06a4308_0
curl=8.7.1=hca28451_0
dill=0.3.8=pyhd8ed1ab_0
easybioinfo=0.3.1=py_0
easyterm=1.0.1=py_0
entrez-direct=21.6=he881be0_0
file_chunk_iterators=0.0.4=py_0
gawk=5.3.0=ha916aea_0
gettext=0.22.5=h59595ed_2
gettext-tools=0.22.5=h59595ed_2
gmp=6.3.0=h59595ed_1
importlib-metadata=7.1.0=pyha770c72_0
joblib=1.4.2=pyhd8ed1ab_0
keyutils=1.6.1=h166bdaf_0
krb5=1.21.2=h659d440_0
ld_impl_linux-64=2.40=h55db66e_0
libasprintf=0.22.5=h661eb56_2
libasprintf-devel=0.22.5=h661eb56_2
libblas=3.9.0=22_linux64_openblas
libcblas=3.9.0=22_linux64_openblas
libcurl=8.7.1=hca28451_0
libedit=3.1.20191231=he28a2e2_2
libev=4.33=hd590300_2
libffi=3.4.2=h7f98852_5
libgcc-ng=13.2.0=h77fa898_7
libgettextpo=0.22.5=h59595ed_2
libgettextpo-devel=0.22.5=h59595ed_2
libgfortran-ng=13.2.0=h69a702a_7
libgfortran5=13.2.0=hca663fb_7
libgomp=13.2.0=h77fa898_7
libidn2=2.3.7=hd590300_0
liblapack=3.9.0=22_linux64_openblas
libnghttp2=1.58.0=h47da74e_1
libnsl=2.0.1=hd590300_0
libopenblas=0.3.27=pthreads_h413a1c8_0
libsqlite=3.45.3=h2797004_0
libssh2=1.11.0=h0841786_0
libstdcxx-ng=13.2.0=hc0a3c3a_7
libunistring=0.9.10=h7f98852_0
libuuid=2.38.1=h0b41bf4_0
libxcrypt=4.4.36=hd590300_1
libzlib=1.2.13=hd590300_5
mafft=7.526=h4ab18f5_0
mpfr=4.2.1=h9458935_1
multiprocess=0.70.16=py310h2372a71_0
natsort=8.4.0=pyhd8ed1ab_0
ncbi-vdb=3.1.0=h4ac6f70_2
ncls=0.0.68=py310h4b81fae_2
ncurses=6.5=h59595ed_0
numpy=1.26.4=py310hb13e2d6_0
openssl=3.3.0=h4ab18f5_2
orf_tools=0.0.1=py_0
packaging=24.0=pyhd8ed1ab_0
pandas=2.2.2=py310hf9f9076_1
pcre=8.45=h9c3ff4c_0
perl=5.32.1=7_hd590300_perl5
perl-archive-tar=2.40=pl5321hdfd78af_0
perl-carp=1.50=pl5321hd8ed1ab_0
perl-common-sense=3.75=pl5321hd8ed1ab_0
perl-compress-raw-bzip2=2.201=pl5321h166bdaf_0
perl-compress-raw-zlib=2.202=pl5321h166bdaf_0
perl-encode=3.21=pl5321hd590300_0
perl-exporter=5.74=pl5321hd8ed1ab_0
perl-exporter-tiny=1.002002=pl5321hd8ed1ab_0
perl-extutils-makemaker=7.70=pl5321hd8ed1ab_0
perl-io-compress=2.201=pl5321hdbdd923_2
perl-io-zlib=1.14=pl5321hdfd78af_0
perl-json=4.10=pl5321hdfd78af_0
perl-json-xs=2.34=pl5321h4ac6f70_6
perl-list-moreutils=0.430=pl5321hdfd78af_0
perl-list-moreutils-xs=0.430=pl5321h031d066_2
perl-parent=0.241=pl5321hd8ed1ab_0
perl-pathtools=3.75=pl5321h166bdaf_0
perl-scalar-list-utils=1.63=pl5321h166bdaf_0
perl-storable=3.15=pl5321h166bdaf_0
perl-types-serialiser=1.01=pl5321hdfd78af_0
pip=24.0=pyhd8ed1ab_0
pyfaidx=0.8.1.1=pyhdfd78af_0
pyranges=0.0.129=pyh7cba7a3_0
pyrle=0.0.40=py310h4b81fae_0
python=3.10.14=hd12c33a_0_cpython
python-dateutil=2.9.0=pyhd8ed1ab_0
python-tzdata=2024.1=pyhd8ed1ab_0
python_abi=3.10=4_cp310
pytz=2024.1=pyhd8ed1ab_0
pyvcf3=1.0.3=pyhdfd78af_0
readline=8.2=h8228510_1
scikit-learn=1.5.0=py310h981052a_0
scipy=1.13.0=py310h93e2701_1
setuptools=69.5.1=pyhd8ed1ab_0
six=1.16.0=pyh6c4a22f_0
sorted_nearest=0.0.39=py310h4b81fae_1
tabulate=0.9.0=pyhd8ed1ab_1
threadpoolctl=3.5.0=pyhc1e730c_0
tk=8.6.13=noxft_h4845f30_101
twinstop=0.1.2=py_0
tzdata=2024a=h0c530f3_0
wget=1.21.4=hda4d442_0
wheel=0.43.0=pyhd8ed1ab_1
xz=5.2.6=h166bdaf_0
zipp=3.17.0=pyhd8ed1ab_0
zlib=1.2.13=hd590300_5
zstd=1.5.6=ha6fb4c9_0
